Una camara
#######################################
R [-2.00193160163105; -2.03115083083095; 0.1077765693560161]
T [-11.6402395607941; -22.46828530192159; 85.34772358737068]
	T [-11.6402395607941; -22.46828530192159; 85.34772358737068]
R [-2.409064460058346; -0.1878188109841569; 0.2366178245853625]
T [-8.733626485734368; 15.88133866850226; 74.77551374530887]
	T [-8.733626485734368; 15.88133866850226; 74.77551374530887]
	T [-8.733626485734368; 15.88133866850226; 74.77551374530887]
R [1.727058449076641; 2.491960307731547; -0.4241377630327851]
T [-5.581391361950885; -20.7570019104702; 67.16839923193169]
	T [-5.581391361950885; -20.7570019104702; 67.16839923193169]
	T [-5.581391361950885; -20.7570019104702; 67.16839923193169]
	T [-5.581391361950885; -20.7570019104702; 67.16839923193169]
R [-2.131119393758302; -2.132744402492574; 0.3881592685225161]
T [-16.97453348696034; -13.95249247845576; 70.4354237735441]
	T [-16.97453348696034; -13.95249247845576; 70.4354237735441]
	T [-16.97453348696034; -13.95249247845576; 70.4354237735441]
	T [-16.97453348696034; -13.95249247845576; 70.4354237735441]
	T [-16.97453348696034; -13.95249247845576; 70.4354237735441]
R [-0.3226314360102198; -2.933223422618385; 0.7108508079200581]
T [14.35281189371652; -23.38527342898952; 66.87426966528102]
	T [14.35281189371652; -23.38527342898952; 66.87426966528102]
	T [14.35281189371652; -23.38527342898952; 66.87426966528102]
	T [14.35281189371652; -23.38527342898952; 66.87426966528102]
	T [14.35281189371652; -23.38527342898952; 66.87426966528102]
	T [14.35281189371652; -23.38527342898952; 66.87426966528102]
R [0.175087806166842; -3.005764748003074; -0.05601989266088236]
T [39.02976101717261; -13.67390060529615; 79.13099602401391]
	T [39.02976101717261; -13.67390060529615; 79.13099602401391]
	T [39.02976101717261; -13.67390060529615; 79.13099602401391]
	T [39.02976101717261; -13.67390060529615; 79.13099602401391]
	T [39.02976101717261; -13.67390060529615; 79.13099602401391]
	T [39.02976101717261; -13.67390060529615; 79.13099602401391]
	T [39.02976101717261; -13.67390060529615; 79.13099602401391]
R [0.4448694871567099; -2.724996761772892; 0.1033695767680465]
T [7.127311162561987; -14.9073361080022; 81.21175678868022]
	T [7.127311162561987; -14.9073361080022; 81.21175678868022]
	T [7.127311162561987; -14.9073361080022; 81.21175678868022]
	T [7.127311162561987; -14.9073361080022; 81.21175678868022]
	T [7.127311162561987; -14.9073361080022; 81.21175678868022]
	T [7.127311162561987; -14.9073361080022; 81.21175678868022]
	T [7.127311162561987; -14.9073361080022; 81.21175678868022]
	T [7.127311162561987; -14.9073361080022; 81.21175678868022]
R [0.3137485380912467; -2.817942039250364; 0.508119046556194]
T [18.54377321688051; -17.91528154955432; 66.48800149358479]
	T [18.54377321688051; -17.91528154955432; 66.48800149358479]
	T [18.54377321688051; -17.91528154955432; 66.48800149358479]
	T [18.54377321688051; -17.91528154955432; 66.48800149358479]
	T [18.54377321688051; -17.91528154955432; 66.48800149358479]
	T [18.54377321688051; -17.91528154955432; 66.48800149358479]
	T [18.54377321688051; -17.91528154955432; 66.48800149358479]
	T [18.54377321688051; -17.91528154955432; 66.48800149358479]
	T [18.54377321688051; -17.91528154955432; 66.48800149358479]
R [1.929474984859048; 2.196624618327377; 0.6340602477696213]
T [-10.75159550306704; -16.67123396530944; 59.28807167799489]
	T [-10.75159550306704; -16.67123396530944; 59.28807167799489]
	T [-10.75159550306704; -16.67123396530944; 59.28807167799489]
	T [-10.75159550306704; -16.67123396530944; 59.28807167799489]
	T [-10.75159550306704; -16.67123396530944; 59.28807167799489]
	T [-10.75159550306704; -16.67123396530944; 59.28807167799489]
	T [-10.75159550306704; -16.67123396530944; 59.28807167799489]
	T [-10.75159550306704; -16.67123396530944; 59.28807167799489]
	T [-10.75159550306704; -16.67123396530944; 59.28807167799489]
	T [-10.75159550306704; -16.67123396530944; 59.28807167799489]
R [2.174004820914689; 1.959097088018003; 0.771248947364038]
T [-8.265535420917992; -12.46558634287586; 49.58451482868954]
	T [-8.265535420917992; -12.46558634287586; 49.58451482868954]
	T [-8.265535420917992; -12.46558634287586; 49.58451482868954]
	T [-8.265535420917992; -12.46558634287586; 49.58451482868954]
	T [-8.265535420917992; -12.46558634287586; 49.58451482868954]
	T [-8.265535420917992; -12.46558634287586; 49.58451482868954]
	T [-8.265535420917992; -12.46558634287586; 49.58451482868954]
	T [-8.265535420917992; -12.46558634287586; 49.58451482868954]
	T [-8.265535420917992; -12.46558634287586; 49.58451482868954]
	T [-8.265535420917992; -12.46558634287586; 49.58451482868954]
	T [-8.265535420917992; -12.46558634287586; 49.58451482868954]
R [0.2470619253866334; 2.56654166459353; 0.06906523751018999]
T [12.22427278869575; -22.67639752338009; 70.87978202980335]
	T [12.22427278869575; -22.67639752338009; 70.87978202980335]
	T [12.22427278869575; -22.67639752338009; 70.87978202980335]
	T [12.22427278869575; -22.67639752338009; 70.87978202980335]
	T [12.22427278869575; -22.67639752338009; 70.87978202980335]
	T [12.22427278869575; -22.67639752338009; 70.87978202980335]
	T [12.22427278869575; -22.67639752338009; 70.87978202980335]
	T [12.22427278869575; -22.67639752338009; 70.87978202980335]
	T [12.22427278869575; -22.67639752338009; 70.87978202980335]
	T [12.22427278869575; -22.67639752338009; 70.87978202980335]
	T [12.22427278869575; -22.67639752338009; 70.87978202980335]
	T [12.22427278869575; -22.67639752338009; 70.87978202980335]
R [-0.01610262625953142; -2.985499235056263; 0.5764933949594057]
T [12.90827059179074; -20.84659950189632; 67.54477510703626]
	T [12.90827059179074; -20.84659950189632; 67.54477510703626]
	T [12.90827059179074; -20.84659950189632; 67.54477510703626]
	T [12.90827059179074; -20.84659950189632; 67.54477510703626]
	T [12.90827059179074; -20.84659950189632; 67.54477510703626]
	T [12.90827059179074; -20.84659950189632; 67.54477510703626]
	T [12.90827059179074; -20.84659950189632; 67.54477510703626]
	T [12.90827059179074; -20.84659950189632; 67.54477510703626]
	T [12.90827059179074; -20.84659950189632; 67.54477510703626]
	T [12.90827059179074; -20.84659950189632; 67.54477510703626]
	T [12.90827059179074; -20.84659950189632; 67.54477510703626]
	T [12.90827059179074; -20.84659950189632; 67.54477510703626]
	T [12.90827059179074; -20.84659950189632; 67.54477510703626]
R [-0.4532758261891825; -2.864374694572129; -0.7488435527948804]
T [9.29904988962814; -18.72279741907281; 61.39538406344922]
	T [9.29904988962814; -18.72279741907281; 61.39538406344922]
	T [9.29904988962814; -18.72279741907281; 61.39538406344922]
	T [9.29904988962814; -18.72279741907281; 61.39538406344922]
	T [9.29904988962814; -18.72279741907281; 61.39538406344922]
	T [9.29904988962814; -18.72279741907281; 61.39538406344922]
	T [9.29904988962814; -18.72279741907281; 61.39538406344922]
	T [9.29904988962814; -18.72279741907281; 61.39538406344922]
	T [9.29904988962814; -18.72279741907281; 61.39538406344922]
	T [9.29904988962814; -18.72279741907281; 61.39538406344922]
	T [9.29904988962814; -18.72279741907281; 61.39538406344922]
	T [9.29904988962814; -18.72279741907281; 61.39538406344922]
	T [9.29904988962814; -18.72279741907281; 61.39538406344922]
	T [9.29904988962814; -18.72279741907281; 61.39538406344922]
R [0.2786258534783995; 2.73430264982132; 0.2741045547915812]
T [11.64349893626542; -22.09865848845523; 65.72015364658482]
	T [11.64349893626542; -22.09865848845523; 65.72015364658482]
	T [11.64349893626542; -22.09865848845523; 65.72015364658482]
	T [11.64349893626542; -22.09865848845523; 65.72015364658482]
	T [11.64349893626542; -22.09865848845523; 65.72015364658482]
	T [11.64349893626542; -22.09865848845523; 65.72015364658482]
	T [11.64349893626542; -22.09865848845523; 65.72015364658482]
	T [11.64349893626542; -22.09865848845523; 65.72015364658482]
	T [11.64349893626542; -22.09865848845523; 65.72015364658482]
	T [11.64349893626542; -22.09865848845523; 65.72015364658482]
	T [11.64349893626542; -22.09865848845523; 65.72015364658482]
	T [11.64349893626542; -22.09865848845523; 65.72015364658482]
	T [11.64349893626542; -22.09865848845523; 65.72015364658482]
	T [11.64349893626542; -22.09865848845523; 65.72015364658482]
	T [11.64349893626542; -22.09865848845523; 65.72015364658482]
------------------------------------
R [0.2786258534783995; 2.73430264982132; 0.2741045547915812]
T [11.64349893626542; -22.09865848845523; 65.72015364658482]
R [0.2786258534783995; 2.73430264982132; 0.2741045547915812]
T [11.64349893626542; -22.09865848845523; 65.72015364658482]
R [0.2786258534783995; 2.73430264982132; 0.2741045547915812]
T [11.64349893626542; -22.09865848845523; 65.72015364658482]
R [0.2786258534783995; 2.73430264982132; 0.2741045547915812]
T [11.64349893626542; -22.09865848845523; 65.72015364658482]
R [0.2786258534783995; 2.73430264982132; 0.2741045547915812]
T [11.64349893626542; -22.09865848845523; 65.72015364658482]
R [0.2786258534783995; 2.73430264982132; 0.2741045547915812]
T [11.64349893626542; -22.09865848845523; 65.72015364658482]
R [0.2786258534783995; 2.73430264982132; 0.2741045547915812]
T [11.64349893626542; -22.09865848845523; 65.72015364658482]
R [0.2786258534783995; 2.73430264982132; 0.2741045547915812]
T [11.64349893626542; -22.09865848845523; 65.72015364658482]
R [0.2786258534783995; 2.73430264982132; 0.2741045547915812]
T [11.64349893626542; -22.09865848845523; 65.72015364658482]
R [0.2786258534783995; 2.73430264982132; 0.2741045547915812]
T [11.64349893626542; -22.09865848845523; 65.72015364658482]
R [0.2786258534783995; 2.73430264982132; 0.2741045547915812]
T [11.64349893626542; -22.09865848845523; 65.72015364658482]
R [0.2786258534783995; 2.73430264982132; 0.2741045547915812]
T [11.64349893626542; -22.09865848845523; 65.72015364658482]
R [0.2786258534783995; 2.73430264982132; 0.2741045547915812]
T [11.64349893626542; -22.09865848845523; 65.72015364658482]
R [0.2786258534783995; 2.73430264982132; 0.2741045547915812]
T [11.64349893626542; -22.09865848845523; 65.72015364658482]
#######################################

Despues de calibrate
[0.2680862312242855; 2.69841789075139; 0.2669200509732944]
[0.2680862312242855; 2.69841789075139; 0.2669200509732944]
[0.2680862312242855; 2.69841789075139; 0.2669200509732944]
[0.2680862312242855; 2.69841789075139; 0.2669200509732944]
[0.2680862312242855; 2.69841789075139; 0.2669200509732944]
[0.2680862312242855; 2.69841789075139; 0.2669200509732944]
[0.2680862312242855; 2.69841789075139; 0.2669200509732944]
[0.2680862312242855; 2.69841789075139; 0.2669200509732944]
[0.2680862312242855; 2.69841789075139; 0.2669200509732944]
[0.2680862312242855; 2.69841789075139; 0.2669200509732944]
[0.2680862312242855; 2.69841789075139; 0.2669200509732944]
[0.2680862312242855; 2.69841789075139; 0.2669200509732944]
[0.2680862312242855; 2.69841789075139; 0.2669200509732944]
[0.2680862312242855; 2.69841789075139; 0.2669200509732944]
Otra camara
#######################################
R [-1.986596198570707; -1.99620777441447; 0.2256934739939692]
T [-29.85514689136265; -20.37849553810661; 88.65106894162128]
	T [-29.85514689136265; -20.37849553810661; 88.65106894162128]
R [-2.437728716514555; -0.1852104958286352; 0.2619086162367748]
T [-26.61921063020804; 17.64449399716638; 77.92245929977483]
	T [-26.61921063020804; 17.64449399716638; 77.92245929977483]
	T [-26.61921063020804; 17.64449399716638; 77.92245929977483]
R [-1.749782589392517; -2.52355681964385; 0.5942268674397747]
T [-22.97132647439799; -18.86192972919708; 70.36125840137468]
	T [-22.97132647439799; -18.86192972919708; 70.36125840137468]
	T [-22.97132647439799; -18.86192972919708; 70.36125840137468]
	T [-22.97132647439799; -18.86192972919708; 70.36125840137468]
R [-2.073889475931464; -2.06333643035486; 0.4898740372667863]
T [-34.19747647295038; -12.21968383314834; 74.33059369710075]
	T [-34.19747647295038; -12.21968383314834; 74.33059369710075]
	T [-34.19747647295038; -12.21968383314834; 74.33059369710075]
	T [-34.19747647295038; -12.21968383314834; 74.33059369710075]
	T [-34.19747647295038; -12.21968383314834; 74.33059369710075]
R [-0.3335941719643308; -2.884138106091313; 0.7089148842824171]
T [-3.713278305295743; -22.15024696512641; 69.33499075984176]
	T [-3.713278305295743; -22.15024696512641; 69.33499075984176]
	T [-3.713278305295743; -22.15024696512641; 69.33499075984176]
	T [-3.713278305295743; -22.15024696512641; 69.33499075984176]
	T [-3.713278305295743; -22.15024696512641; 69.33499075984176]
	T [-3.713278305295743; -22.15024696512641; 69.33499075984176]
R [0.1439859603694418; -2.693784384329647; -0.09895300037044759]
T [18.21728110136603; -12.01005305349599; 73.92300166309472]
	T [18.21728110136603; -12.01005305349599; 73.92300166309472]
	T [18.21728110136603; -12.01005305349599; 73.92300166309472]
	T [18.21728110136603; -12.01005305349599; 73.92300166309472]
	T [18.21728110136603; -12.01005305349599; 73.92300166309472]
	T [18.21728110136603; -12.01005305349599; 73.92300166309472]
	T [18.21728110136603; -12.01005305349599; 73.92300166309472]
R [0.4273422362458967; -2.675217467175827; 0.08157488917831579]
T [-11.99227769272756; -13.07985514459476; 85.78752617720241]
	T [-11.99227769272756; -13.07985514459476; 85.78752617720241]
	T [-11.99227769272756; -13.07985514459476; 85.78752617720241]
	T [-11.99227769272756; -13.07985514459476; 85.78752617720241]
	T [-11.99227769272756; -13.07985514459476; 85.78752617720241]
	T [-11.99227769272756; -13.07985514459476; 85.78752617720241]
	T [-11.99227769272756; -13.07985514459476; 85.78752617720241]
	T [-11.99227769272756; -13.07985514459476; 85.78752617720241]
R [0.2999885674772638; -2.770340077960637; 0.433775546547263]
T [-0.09182344819907194; -16.80386222930925; 69.29875211920336]
	T [-0.09182344819907194; -16.80386222930925; 69.29875211920336]
	T [-0.09182344819907194; -16.80386222930925; 69.29875211920336]
	T [-0.09182344819907194; -16.80386222930925; 69.29875211920336]
	T [-0.09182344819907194; -16.80386222930925; 69.29875211920336]
	T [-0.09182344819907194; -16.80386222930925; 69.29875211920336]
	T [-0.09182344819907194; -16.80386222930925; 69.29875211920336]
	T [-0.09182344819907194; -16.80386222930925; 69.29875211920336]
	T [-0.09182344819907194; -16.80386222930925; 69.29875211920336]
R [1.968168299062003; 2.226175506036626; 0.5239226762679033]
T [-30.02607219918757; -15.42832065176559; 66.45894506120459]
	T [-30.02607219918757; -15.42832065176559; 66.45894506120459]
	T [-30.02607219918757; -15.42832065176559; 66.45894506120459]
	T [-30.02607219918757; -15.42832065176559; 66.45894506120459]
	T [-30.02607219918757; -15.42832065176559; 66.45894506120459]
	T [-30.02607219918757; -15.42832065176559; 66.45894506120459]
	T [-30.02607219918757; -15.42832065176559; 66.45894506120459]
	T [-30.02607219918757; -15.42832065176559; 66.45894506120459]
	T [-30.02607219918757; -15.42832065176559; 66.45894506120459]
	T [-30.02607219918757; -15.42832065176559; 66.45894506120459]
R [2.217508536017941; 1.986601623003016; 0.7335239164235228]
T [-26.83775235826236; -11.11486936336198; 54.06130071366989]
	T [-26.83775235826236; -11.11486936336198; 54.06130071366989]
	T [-26.83775235826236; -11.11486936336198; 54.06130071366989]
	T [-26.83775235826236; -11.11486936336198; 54.06130071366989]
	T [-26.83775235826236; -11.11486936336198; 54.06130071366989]
	T [-26.83775235826236; -11.11486936336198; 54.06130071366989]
	T [-26.83775235826236; -11.11486936336198; 54.06130071366989]
	T [-26.83775235826236; -11.11486936336198; 54.06130071366989]
	T [-26.83775235826236; -11.11486936336198; 54.06130071366989]
	T [-26.83775235826236; -11.11486936336198; 54.06130071366989]
	T [-26.83775235826236; -11.11486936336198; 54.06130071366989]
R [0.2431517739613913; 2.552916224320949; 0.04886038449418267]
T [-6.170404475463379; -21.08475753365269; 75.08831119209012]
	T [-6.170404475463379; -21.08475753365269; 75.08831119209012]
	T [-6.170404475463379; -21.08475753365269; 75.08831119209012]
	T [-6.170404475463379; -21.08475753365269; 75.08831119209012]
	T [-6.170404475463379; -21.08475753365269; 75.08831119209012]
	T [-6.170404475463379; -21.08475753365269; 75.08831119209012]
	T [-6.170404475463379; -21.08475753365269; 75.08831119209012]
	T [-6.170404475463379; -21.08475753365269; 75.08831119209012]
	T [-6.170404475463379; -21.08475753365269; 75.08831119209012]
	T [-6.170404475463379; -21.08475753365269; 75.08831119209012]
	T [-6.170404475463379; -21.08475753365269; 75.08831119209012]
	T [-6.170404475463379; -21.08475753365269; 75.08831119209012]
R [-0.02205761488843202; -2.924918715067401; 0.4988254907572854]
T [-5.457804332673792; -19.76821000089475; 70.74385172187391]
	T [-5.457804332673792; -19.76821000089475; 70.74385172187391]
	T [-5.457804332673792; -19.76821000089475; 70.74385172187391]
	T [-5.457804332673792; -19.76821000089475; 70.74385172187391]
	T [-5.457804332673792; -19.76821000089475; 70.74385172187391]
	T [-5.457804332673792; -19.76821000089475; 70.74385172187391]
	T [-5.457804332673792; -19.76821000089475; 70.74385172187391]
	T [-5.457804332673792; -19.76821000089475; 70.74385172187391]
	T [-5.457804332673792; -19.76821000089475; 70.74385172187391]
	T [-5.457804332673792; -19.76821000089475; 70.74385172187391]
	T [-5.457804332673792; -19.76821000089475; 70.74385172187391]
	T [-5.457804332673792; -19.76821000089475; 70.74385172187391]
	T [-5.457804332673792; -19.76821000089475; 70.74385172187391]
R [-0.4606129690416985; -2.861190883782643; -0.6636265826338862]
T [-9.462566187254028; -17.63440895573294; 66.81008095295135]
	T [-9.462566187254028; -17.63440895573294; 66.81008095295135]
	T [-9.462566187254028; -17.63440895573294; 66.81008095295135]
	T [-9.462566187254028; -17.63440895573294; 66.81008095295135]
	T [-9.462566187254028; -17.63440895573294; 66.81008095295135]
	T [-9.462566187254028; -17.63440895573294; 66.81008095295135]
	T [-9.462566187254028; -17.63440895573294; 66.81008095295135]
	T [-9.462566187254028; -17.63440895573294; 66.81008095295135]
	T [-9.462566187254028; -17.63440895573294; 66.81008095295135]
	T [-9.462566187254028; -17.63440895573294; 66.81008095295135]
	T [-9.462566187254028; -17.63440895573294; 66.81008095295135]
	T [-9.462566187254028; -17.63440895573294; 66.81008095295135]
	T [-9.462566187254028; -17.63440895573294; 66.81008095295135]
	T [-9.462566187254028; -17.63440895573294; 66.81008095295135]
R [0.2806552882981027; 2.763861315482473; 0.2260891703365749]
T [-6.806112692028506; -20.64870481723834; 70.58633418264847]
	T [-6.806112692028506; -20.64870481723834; 70.58633418264847]
	T [-6.806112692028506; -20.64870481723834; 70.58633418264847]
	T [-6.806112692028506; -20.64870481723834; 70.58633418264847]
	T [-6.806112692028506; -20.64870481723834; 70.58633418264847]
	T [-6.806112692028506; -20.64870481723834; 70.58633418264847]
	T [-6.806112692028506; -20.64870481723834; 70.58633418264847]
	T [-6.806112692028506; -20.64870481723834; 70.58633418264847]
	T [-6.806112692028506; -20.64870481723834; 70.58633418264847]
	T [-6.806112692028506; -20.64870481723834; 70.58633418264847]
	T [-6.806112692028506; -20.64870481723834; 70.58633418264847]
	T [-6.806112692028506; -20.64870481723834; 70.58633418264847]
	T [-6.806112692028506; -20.64870481723834; 70.58633418264847]
	T [-6.806112692028506; -20.64870481723834; 70.58633418264847]
	T [-6.806112692028506; -20.64870481723834; 70.58633418264847]
------------------------------------
R [0.2806552882981027; 2.763861315482473; 0.2260891703365749]
T [-6.806112692028506; -20.64870481723834; 70.58633418264847]
R [0.2806552882981027; 2.763861315482473; 0.2260891703365749]
T [-6.806112692028506; -20.64870481723834; 70.58633418264847]
R [0.2806552882981027; 2.763861315482473; 0.2260891703365749]
T [-6.806112692028506; -20.64870481723834; 70.58633418264847]
R [0.2806552882981027; 2.763861315482473; 0.2260891703365749]
T [-6.806112692028506; -20.64870481723834; 70.58633418264847]
R [0.2806552882981027; 2.763861315482473; 0.2260891703365749]
T [-6.806112692028506; -20.64870481723834; 70.58633418264847]
R [0.2806552882981027; 2.763861315482473; 0.2260891703365749]
T [-6.806112692028506; -20.64870481723834; 70.58633418264847]
R [0.2806552882981027; 2.763861315482473; 0.2260891703365749]
T [-6.806112692028506; -20.64870481723834; 70.58633418264847]
R [0.2806552882981027; 2.763861315482473; 0.2260891703365749]
T [-6.806112692028506; -20.64870481723834; 70.58633418264847]
R [0.2806552882981027; 2.763861315482473; 0.2260891703365749]
T [-6.806112692028506; -20.64870481723834; 70.58633418264847]
R [0.2806552882981027; 2.763861315482473; 0.2260891703365749]
T [-6.806112692028506; -20.64870481723834; 70.58633418264847]
R [0.2806552882981027; 2.763861315482473; 0.2260891703365749]
T [-6.806112692028506; -20.64870481723834; 70.58633418264847]
R [0.2806552882981027; 2.763861315482473; 0.2260891703365749]
T [-6.806112692028506; -20.64870481723834; 70.58633418264847]
R [0.2806552882981027; 2.763861315482473; 0.2260891703365749]
T [-6.806112692028506; -20.64870481723834; 70.58633418264847]
R [0.2806552882981027; 2.763861315482473; 0.2260891703365749]
T [-6.806112692028506; -20.64870481723834; 70.58633418264847]
#######################################

Despues de calibrate
[0.2745729328504028; 2.699157136762414; 0.2759328038019843]
[0.2745729328504028; 2.699157136762414; 0.2759328038019843]
[0.2745729328504028; 2.699157136762414; 0.2759328038019843]
[0.2745729328504028; 2.699157136762414; 0.2759328038019843]
[0.2745729328504028; 2.699157136762414; 0.2759328038019843]
[0.2745729328504028; 2.699157136762414; 0.2759328038019843]
[0.2745729328504028; 2.699157136762414; 0.2759328038019843]
[0.2745729328504028; 2.699157136762414; 0.2759328038019843]
[0.2745729328504028; 2.699157136762414; 0.2759328038019843]
[0.2745729328504028; 2.699157136762414; 0.2759328038019843]
[0.2745729328504028; 2.699157136762414; 0.2759328038019843]
[0.2745729328504028; 2.699157136762414; 0.2759328038019843]
[0.2745729328504028; 2.699157136762414; 0.2759328038019843]
[0.2745729328504028; 2.699157136762414; 0.2759328038019843]
