Camara Izquierda:

Intrinsecos:

533.52331      0      341.60376
0         533.52699    235.19287
0              0          1

distorsion=[ -0.28838 0.09714 0.00109 -0.00030];


Camara Derecha

Intrinsecos

536.81377    0       326.28657
0        536.47649   250.10121
0           0          1

distorsion=[-0.28943 0.10690 -0.00059 0.00014];

Posicion relativa de las camaras

vector de  Rotacion=[0.00669  0.00452 -0.00350]
vector de Traslacion=[-99.80198  1.12443 0.05041]




[533.5233100000000377, 0.0000000000000000, 341.6037600000000225;
  0.0000000000000000, 533.5269899999999552, 235.1928699999999992;
  0.0000000000000000, 0.0000000000000000, 1.0000000000000000]

[-0.2883800000000000, 0.0971400000000000, 0.0010900000000000, -0.0003000000000000]

[536.8137699999999768, 0.0000000000000000, 326.2865699999999833;
  0.0000000000000000, 536.4764900000000125, 250.1012100000000089;
  0.0000000000000000, 0.0000000000000000, 1.0000000000000000]

[-0.2894300000000000, 0.1069000000000000, -0.0005900000000000, 0.0001400000000000]

[0.0066900000000000; 0.0045200000000000; -0.0035000000000000]
[-99.8019800000000004; 1.1244300000000000; 0.0504100000000000]
