Camara Izquierda:

Intrinsecos:

533.52331      0      341.60376
0         533.52699    235.19287
0              0          1

distorsion=[ -0.28838 0.09714 0.00109 -0.00030];


Camara Derecha

Intrinsecos

536.81377    0       326.28657
0        536.47649   250.10121
0           0          1

distorsion=[-0.28943 0.10690 -0.00059 0.00014];

Posicion relativa de las camaras

vector de  Rotacion=[0.00669  0.00452 -0.00350]
vector de Traslacion=[-99.80198  1.12443 0.05041]


[532.9871708239486, 0, 341.7603512526852;
  0, 533.1432426807271, 234.0969255609487;
  0, 0, 1]

[-0.2894487192042351, 0.1020828482416641, 0.00112046149008667, -0.0002939246844991735, 0]
####################################
[536.9402077208362, 0, 326.8738663524279;
  0, 536.5306739557336, 249.2466215274578;
  0, 0, 1]

[-0.2898931315929218, 0.1077806573947694, -0.0007860910349506243, 0.0001748943839296885, 0]
